            FALSE TRUE
 [1,]  0.63979462    0
 [2,]  1.32372136    0
 [3,]  0.99298913    0
 [4,]  0.46638113    0
 [5,]  0.61350241    0
 [6,] -0.01454411    0
 [7,]  0.12504748    0
 [8,] -0.17565929    0
 [9,]  0.68062316    0
[10,]  1.83625924    0
[11,] -1.01908245    0
[12,]  1.17518899    0
[13,]  0.25937301    0
[14,]  0.07498648    0
[15,]  0.59927316    0
[16,]  0.60267540    0
[17,]  0.19195705    0
[18,]  2.13937714    0
[19,]  0.88762121    0
[20,]  1.15546217    0
[21,]  0.92581262    0
[22,]  0.86067690    0
[23,]  0.64125460    0
[24,]  0.56374637    0
[25,]  0.79496503    0
[26,]  1.31520626    0
[27,]  0.67548081    0
[28,]  1.32341849    0
[29,] -1.03911589    0
[30,]  0.20260335    0
[31,]  1.11411009    0
[32,]  0.90724691    0
[33,]  1.15697617    0
[34,] -0.34261274    0
[35,] -0.22906737    0
[36,]  0.34265286    0
[37,]  1.39712830    0
[38,] -1.69214236    0
[39,]  0.96965381    0
[40,] -0.12234187    0
[41,]  0.58552906    0
[42,]  0.19278754    0
[43,]  1.45205736    0
[44,]  1.54611731    0
[45,]  0.75793727    0
[46,]  0.04354192    0
[47,]  1.58959949    0
[48,]  0.39684026    0
[49,]  1.24195516    0
[50,]  1.22779920    0
[51,]  0.52639580    0
[52,] -0.33881628    0
[53,] -1.34745573    0
[54,]  1.25023418    0
[55,] -1.13555418    0
[56,]  0.33627766    0
[57,]  1.54283435    0
[58,]  0.60569103    0
[59,] -0.37979408    0
[60,]  1.85942505    0
[61,]  1.53296430    0
[62,]  0.59263578    0
[63,]  1.35362697    0
[64,] -0.07069470    0
[65,]  0.25349768    0
[66,]  1.39756393    0
[67,]  0.90475906    0
[68,]  1.04839685    0
[69,]  0.68061401    0
[70,]  0.93808816    0
[71,]  0.38339988    0
[72,] -0.07222436    0
[73,]  0.34653837    0
[74,]  1.55768424    0

$decisionValues
             Male Female
 [1,]  0.03256460      0
 [2,] -0.05360510      0
 [3,] -0.26565326      0
 [4,]  0.72730593      0
 [5,]  2.52964130      0
 [6,]  1.80401934      0
 [7,] -0.62534613      0
 [8,]  0.33497695      0
 [9,]  0.20648478      0
[10,] -0.62740086      0
[11,]  0.81577132      0
[12,] -1.57055148      0
[13,] -0.33162065      0
[14,]  1.74803656      0
[15,]  0.10885723      0
[16,] -0.80106437      0
[17,]  0.77376307      0
[18,] -1.23215039      0
[19,] -0.35293003      0
[20,] -0.92957973      0
[21,]  0.29531492      0
[22,] -0.44198805      0
[23,]  0.35979215      0
[24,]  0.88861244      0
[25,] -1.75110853      0
[26,]  0.50169557      0
[27,] -1.01890075      0
[28,] -0.13334164      0
[29,]  1.53826435      0
[30,]  1.31705157      0
[31,] -0.24969610      0
[32,] -0.06004824      0
[33,] -0.57213854      0
[34,]  0.70561528      0
[35,]  0.87358846      0
[36,]  0.05194388      0
[37,] -1.18313011      0
[38,]  1.63169046      0
[39,] -0.06898756      0
[40,]  0.63118508      0
[41,] -0.02437749      0
[42,]  1.13638644      0
[43,] -0.80957822      0
[44,] -1.99471861      0
[45,]  1.82190089      0
[46,]  0.24193555      0
[47,]  0.70344091      0
[48,]  0.70389832      0
[49,]  1.00339582      0
[50,] -1.02898758      0
[51,]  1.15814353      0
[52,]  1.46881403      0
[53,]  2.00906735      0
[54,]  0.57914301      0
[55,]  1.05386620      0
[56,] -0.27146418      0
[57,] -0.19209262      0
[58,] -0.67591177      0
[59,]  1.02375365      0
[60,] -1.90975926      0
[61,] -1.14038369      0
[62,]  1.21246557      0
[63,] -0.42441999      0
[64,] -0.96455747      0
[65,] -1.40478701      0
[66,] -0.31327251      0
[67,]  1.58181602      0
[68,] -1.12670593      0
[69,]  0.12502390      0
[70,]  1.46669431      0
[71,] -0.33843948      0
[72,]  0.30823972      0
[73,]  0.06351937      0
[74,] -1.42709182      0


 [5,]  2.52964130      0
 [6,]  1.80401934      0
 [7,] -0.62534613      0
 [8,]  0.33497695      0
 [9,]  0.20648478      0
[10,] -0.62740086      0
[11,]  0.81577132      0
[12,] -1.57055148      0
[13,] -0.33162065      0
[14,]  1.74803656      0
[15,]  0.10885723      0
[16,] -0.80106437      0
[17,]  0.77376307      0
[18,] -1.23215039      0
[19,] -0.35293003      0
[20,] -0.92957973      0
[21,]  0.29531492      0
[22,] -0.44198805      0
[23,]  0.35979215      0
[24,]  0.88861244      0
[25,] -1.75110853      0
[26,]  0.50169557      0
[27,] -1.01890075      0
[28,] -0.13334164      0
[29,]  1.53826435      0
[30,]  1.31705157      0
[31,] -0.24969610      0
[32,] -0.06004824      0
[33,] -0.57213854      0
[34,]  0.70561528      0
[35,]  0.87358846      0
[36,]  0.05194388      0
[37,] -1.18313011      0
[38,]  1.63169046      0
[39,] -0.06898756      0
[40,]  0.63118508      0
[41,] -0.02437749      0
[42,]  1.13638644      0
[43,] -0.80957822      0
[44,] -1.99471861      0
[45,]  1.82190089      0
[46,]  0.24193555      0
[47,]  0.70344091      0
[48,]  0.70389832      0
[49,]  1.00339582      0
[50,] -1.02898758      0
[51,]  1.15814353      0
[52,]  1.46881403      0
[53,]  2.00906735      0
[54,]  0.57914301      0
[55,]  1.05386620      0
[56,] -0.27146418      0
[57,] -0.19209262      0
[58,] -0.67591177      0
[59,]  1.02375365      0
[60,] -1.90975926      0
[61,] -1.14038369      0
[62,]  1.21246557      0
[63,] -0.42441999      0
[64,] -0.96455747      0
[65,] -1.40478701      0
[66,] -0.31327251      0
[67,]  1.58181602      0
[68,] -1.12670593      0
[69,]  0.12502390      0
[70,]  1.46669431      0
[71,] -0.33843948      0
[72,]  0.30823972      0
[73,]  0.06351937      0
[74,] -1.42709182      0
